# oST version 5.0 parameters


[image]

width
640

height
480

[narrow_stereo]

camera matrix
639.922852 0.000000 333.666624
0.000000 638.505675 238.165532
0.000000 0.000000 1.000000

distortion
-0.002365 -0.088841 0.007222 0.002305 0.000000

rectification
1.000000 0.000000 0.000000
0.000000 1.000000 0.000000
0.000000 0.000000 1.000000

projection
636.289451 0.000000 335.220227 0.000000
0.000000 637.247577 240.176470 0.000000
0.000000 0.000000 1.000000 0.000000
