image_width: 640
image_height: 480
camera_name: narrow_stereo
camera_matrix:
  rows: 3
  cols: 3
  data: [639.92285,   0.     , 333.66662,
           0.     , 638.50567, 238.16553,
           0.     ,   0.     ,   1.     ]
distortion_model: plumb_bob
distortion_coefficients:
  rows: 1
  cols: 5
  data: [-0.002365, -0.088841, 0.007222, 0.002305, 0.000000]
rectification_matrix:
  rows: 3
  cols: 3
  data: [1., 0., 0.,
         0., 1., 0.,
         0., 0., 1.]
projection_matrix:
  rows: 3
  cols: 4
  data: [636.28945,   0.     , 335.22023,   0.     ,
           0.     , 637.24758, 240.17647,   0.     ,
           0.     ,   0.     ,   1.     ,   0.     ]
